01,1,1,57.95
01,1,2,58.0333333333
01,1,3,61.4166666667
01,1,4,58.1166666667
01,1,5,68.0333333333
01,1,6,78.4666666667
02,1,1,93.3833333333
02,1,2,53.8666666667
02,1,3,69.1333333333
02,1,4,50.2333333333
02,1,5,73.85
02,1,6,73.3333333333
02,1,7,126.433333333
02,1,8,93.6833333333
02,1,9,46.8166666667
02,1,10,85.9166666667
03,1,1,62.7166666667
03,1,2,72.0
03,1,3,95.85
03,1,4,102.883333333
03,1,5,102.583333333
03,1,6,69.75
03,1,7,90.2166666667
03,1,8,78.2
03,1,9,84.7333333333
03,1,10,72.8
03,2,1,83.15
03,2,2,89.5
03,2,3,71.2833333333
03,2,4,72.8
03,2,5,96.5666666667
03,2,6,80.0
03,2,7,92.3666666667
03,2,8,94.45
03,2,9,67.9666666667
03,2,10,74.1
03,3,1,74.2333333333
03,3,2,91.6833333333
03,3,3,80.7333333333
03,3,4,81.9
03,3,5,94.2166666667
03,3,6,76.15
03,3,7,84.4833333333
03,3,8,66.7666666667
03,3,9,59.2166666667
03,3,10,87.15
03,4,1,96.1833333333
03,4,2,75.8166666667
03,4,3,89.2833333333
03,4,4,62.9666666667
03,4,5,72.6666666667
03,4,6,73.35
03,4,7,84.8
03,4,8,74.9333333333
03,4,9,50.4
03,4,10,65.3666666667
03,5,1,67.2
03,5,2,78.8666666667
03,5,3,86.7666666667
03,5,4,63.1
03,5,5,64.4166666667
03,5,6,64.95
03,5,7,72.1
03,5,8,71.3666666667
03,5,9,52.2833333333
03,5,10,52.0166666667
03,6,1,53.0
03,6,2,52.8166666667
03,6,3,65.7666666667
03,6,4,88.7
03,6,5,72.2833333333
03,6,6,65.5333333333
03,6,7,74.3833333333
03,6,8,73.6
03,6,9,50.2833333333
03,6,10,64.2666666667
03,7,1,76.4833333333
03,7,2,79.5
03,7,3,105.133333333
03,7,4,53.8333333333
03,7,5,79.4833333333
03,7,6,76.7333333333
03,7,7,98.5333333333
04,1,1,299.3
04,1,2,292.316666667
04,1,3,247.866666667
04,1,4,340.583333333
04,1,5,324.066666667
04,1,6,338.45
04,1,7,282.433333333
04,1,8,348.416666667
04,1,9,321.116666667
04,1,10,313.6
04,1,11,332.966666667
05,1,1,66.9333333333
05,1,2,54.3166666667
05,1,3,54.8166666667
05,1,4,65.3333333333
05,1,5,64.6333333333
05,1,6,55.4833333333
05,1,7,77.9333333333
05,2,1,50.7166666667
05,2,2,41.45
05,2,3,56.65
05,2,4,64.75
05,2,5,54.45
05,2,6,52.5833333333
05,2,7,62.75
05,2,8,55.8166666667
05,2,9,56.2833333333
05,2,10,58.6833333333
05,2,11,57.7833333333
05,2,12,77.1333333333
05,2,13,57.0833333333
05,3,1,57.65
05,3,2,55.1666666667
05,3,3,53.7666666667
05,3,4,62.9333333333
05,3,5,58.8
05,3,6,57.3166666667
05,3,7,48.0
05,3,8,66.6333333333
05,3,9,77.7166666667
05,3,10,52.5333333333
05,3,11,68.6
05,3,12,64.0333333333
05,3,13,57.8333333333
05,4,1,42.2833333333
05,4,2,199.983333333
05,4,3,74.2333333333
05,4,4,73.1666666667
05,4,5,52.8666666667
05,4,6,55.8666666667
05,4,7,64.2666666667
05,4,8,63.1666666667
05,4,9,62.7666666667
05,4,10,46.4
05,4,11,72.0666666667
05,4,12,63.1666666667
05,4,13,65.45
05,5,1,50.9
05,5,2,64.7333333333
05,5,3,73.7666666667
05,5,4,75.65
05,5,5,78.6833333333
05,5,6,71.1166666667
05,5,7,68.7166666667
05,5,8,48.9666666667
05,5,9,56.8166666667
05,5,10,55.3
05,5,11,74.3
05,5,12,65.6166666667
05,5,13,75.35
05,5,14,56.0333333333
05,5,15,71.6
05,5,16,51.5666666667
06,1,1,113.5
06,1,2,107.983333333
06,1,3,96.0
06,1,4,97.0666666667
06,1,5,101.916666667
06,1,6,98.2666666667
06,1,7,95.2166666667
06,1,8,87.1
06,1,9,90.2333333333
06,1,10,100.45
06,1,11,94.7666666667
06,1,12,100.716666667
06,1,13,118.6
06,2,1,90.5166666667
06,2,2,98.15
06,2,3,96.4833333333
06,2,4,96.7833333333
06,2,5,101.666666667
06,2,6,108.883333333
06,2,7,94.5833333333
06,2,8,86.2833333333
06,2,9,102.783333333
06,2,10,79.5166666667
06,2,11,73.6666666667
06,2,12,87.1
06,3,1,117.066666667
06,3,2,99.5166666667
06,3,3,100.0
06,3,4,108.0
06,3,5,112.733333333
06,3,6,114.75
06,3,7,104.316666667
06,3,8,111.866666667
06,3,9,121.666666667
06,3,10,113.65
06,3,11,109.533333333
06,3,12,103.183333333
06,4,1,112.416666667
06,4,2,126.933333333
06,4,3,97.2166666667
06,4,4,113.15
06,4,5,115.05
06,4,6,103.15
06,4,7,116.183333333
06,4,8,108.733333333
06,4,9,126.0
06,4,10,101.933333333
06,4,11,119.933333333
06,4,12,99.95
06,4,13,123.15
06,5,1,109.116666667
06,5,2,112.15
06,5,3,93.9833333333
06,5,4,100.8
06,5,5,118.016666667
06,5,6,108.366666667
06,5,7,124.4
06,5,8,120.2
06,5,9,110.333333333
06,5,10,170.616666667
07,1,1,84.5166666667
07,1,2,86.7666666667
07,1,3,94.6166666667
07,1,4,85.8
07,1,5,87.1666666667
07,1,6,100.616666667
07,1,7,85.8166666667
07,1,8,86.4333333333
07,1,9,93.8166666667
07,1,10,71.2166666667
07,1,11,91.2333333333
07,1,12,85.3166666667
07,1,13,93.2
08,1,1,72.55
08,1,2,54.7
08,1,3,53.9333333333
08,1,4,49.7333333333
08,1,5,57.6666666667
08,1,6,57.2833333333
08,1,7,59.5166666667
08,1,8,61.6333333333
08,1,9,57.5333333333
08,1,10,58.7666666667
08,1,11,58.0333333333
08,2,1,74.55
08,2,2,53.9
08,2,3,61.7333333333
08,2,4,59.1
08,2,5,60.7833333333
08,2,6,56.5833333333
08,2,7,62.0
08,2,8,62.15
08,2,9,68.5666666667
08,2,10,55.85
08,3,1,67.8166666667
08,3,2,62.2166666667
08,3,3,55.05
08,3,4,68.6333333333
08,3,5,59.7666666667
08,3,6,69.6666666667
08,3,7,63.1333333333
08,3,8,57.2333333333
08,3,9,68.45
08,3,10,66.9666666667
09,1,1,95.85
09,1,2,104.166666667
09,1,3,102.033333333
09,1,4,115.266666667
09,1,5,100.35
09,1,6,103.5
09,1,7,110.916666667
09,1,8,117.05
09,1,9,98.4833333333
09,1,10,112.266666667
09,1,11,100.316666667
09,1,12,98.0833333333
09,1,13,93.4
10,1,1,66.6833333333
10,1,2,68.85
10,1,3,67.55
10,1,4,76.5
10,1,5,65.15
10,1,6,70.0
10,1,7,106.7
11,1,1,103.566666667
11,1,2,93.9666666667
11,1,3,86.9333333333
11,1,4,90.7666666667
11,1,5,80.0833333333
11,1,6,88.7833333333
11,1,7,104.116666667
11,1,8,91.8
11,1,9,107.483333333
11,1,10,102.416666667
11,1,11,93.85
11,1,12,78.3666666667
11,1,13,106.2
11,2,1,67.6833333333
11,2,2,84.6666666667
11,2,3,84.05
11,2,4,78.7666666667
11,2,5,75.9
11,2,6,90.45
11,2,7,100.85
11,2,8,76.2
11,2,9,81.1
11,2,10,93.85
11,2,11,95.2333333333
11,2,12,102.233333333
11,2,13,71.9833333333
11,3,1,61.6
11,3,2,73.7666666667
11,3,3,98.6
11,3,4,83.2166666667
11,3,5,82.05
11,3,6,76.9833333333
11,3,7,93.0
11,3,8,73.7
11,3,9,80.2
11,3,10,79.3666666667
11,3,11,75.0333333333
11,3,12,91.0666666667
11,3,13,83.9833333333
11,4,1,94.6333333333
11,4,2,102.8
11,4,3,104.066666667
11,4,4,89.6666666667
11,4,5,92.6
11,4,6,86.8666666667
11,4,7,89.65
11,4,8,93.1833333333
11,4,9,74.7666666667
11,4,10,83.75
11,4,11,77.3333333333
11,4,12,88.8166666667
11,4,13,112.183333333
11,5,1,96.25
11,5,2,93.1666666667
11,5,3,102.95
11,5,4,97.9333333333
11,5,5,86.4666666667
11,5,6,97.0166666667
11,5,7,92.9
11,5,8,93.1833333333
11,5,9,111.666666667
11,5,10,93.3833333333
11,5,11,60.4333333333
11,5,12,81.0166666667
11,5,13,79.0833333333
11,6,1,92.6
11,6,2,83.95
11,6,3,84.5666666667
11,6,4,103.433333333
11,6,5,75.1166666667
11,6,6,81.1833333333
11,6,7,100.416666667
11,6,8,86.5833333333
11,6,9,74.8333333333
11,6,10,80.25
11,6,11,89.8333333333
11,6,12,84.7166666667
11,6,13,78.0833333333
11,6,14,97.9666666667
11,6,15,82.5166666667
11,6,16,85.4666666667
11,6,17,97.6166666667
11,6,18,63.3666666667
11,6,19,78.1833333333
11,6,20,67.75
11,6,21,89.5166666667
12,1,1,569.85
12,1,2,644.216666667
12,1,3,482.266666667
12,1,4,622.1
12,1,5,76.8
12,1,6,600.8
12,1,7,713.15
12,1,8,628.066666667
12,1,9,88.0
12,1,10,97.8
12,1,11,79.3833333333
12,1,12,596.95
12,1,13,90.9333333333
12,1,14,87.0
12,1,15,69.7666666667
12,1,16,70.5666666667
12,1,17,108.516666667
12,1,18,88.6333333333
12,1,19,76.5833333333
12,1,20,576.266666667
12,1,21,688.883333333
12,1,22,574.55
12,1,23,541.483333333
12,1,24,629.066666667
12,1,25,610.85
12,1,26,391.133333333
13,1,1,33.9833333333
13,1,2,22.0333333333
13,1,3,36.4333333333
13,1,4,35.1
13,1,5,31.45
13,1,6,40.0833333333
13,1,7,33.45
13,1,8,35.2666666667
13,1,9,39.7833333333
13,1,10,42.2333333333
13,1,11,47.6166666667
13,1,12,43.1166666667
13,1,13,25.85
13,1,14,44.9666666667
13,1,15,35.0333333333
13,1,16,39.5
13,1,17,36.9
13,1,18,36.5
13,1,19,30.4
13,1,20,28.5833333333
13,2,1,38.3333333333
13,2,2,41.0
13,2,3,35.6666666667
13,2,4,42.15
13,2,5,31.8333333333
13,2,6,50.0
13,2,7,26.95
13,2,8,20.35
13,2,9,41.0
13,2,10,42.25
13,2,11,74.1833333333
13,2,12,241.866666667
13,2,13,33.45
13,2,14,182.833333333
13,2,15,36.2333333333
13,2,16,36.2833333333
13,2,17,36.2
13,2,18,34.8166666667
13,2,19,45.0833333333
13,3,1,40.2166666667
13,3,2,74.7166666667
13,3,3,47.5
13,3,4,46.6
13,3,5,45.9666666667
13,3,6,40.5666666667
13,3,7,40.7833333333
13,3,8,44.9666666667
13,3,9,42.55
13,3,10,42.85
13,3,11,36.7166666667
13,3,12,43.45
13,3,13,35.8833333333
13,3,14,46.35
13,3,15,48.5333333333
13,3,16,40.8833333333
13,3,17,118.433333333
14,1,1,63.6666666667
14,1,2,59.8166666667
14,1,3,63.7833333333
14,1,4,65.7333333333
14,1,5,58.7833333333
14,1,6,69.3333333333
14,1,7,60.7833333333
14,1,8,69.4
14,1,9,75.95
14,1,10,54.85
15,1,1,166.533333333
15,1,2,126.6
15,1,3,165.0
15,2,1,156.2
15,2,2,145.933333333
15,2,3,141.7
15,3,1,140.666666667
15,3,2,165.483333333
15,3,3,170.1
15,4,1,174.116666667
15,4,2,185.1
15,4,3,179.45
16,1,1,70.05
16,1,2,78.2
16,1,3,73.6333333333
16,1,4,72.75
16,1,5,62.4666666667
16,1,6,69.8166666667
16,1,7,54.0166666667
16,1,8,95.4166666667
17,1,1,33.9833333333
17,1,2,59.8
17,1,3,33.4333333333
17,1,4,45.55
17,1,5,43.0833333333
17,1,6,46.7833333333
17,1,7,49.05
17,1,8,35.2666666667
17,1,9,45.0166666667
17,1,10,49.5166666667
17,1,11,42.8833333333
17,1,12,34.8666666667
17,1,13,38.2333333333
17,1,14,46.6333333333
17,1,15,42.2
17,1,16,48.3666666667
17,1,17,30.7666666667
17,1,18,43.8166666667
17,1,19,45.2833333333
17,1,20,37.85
17,1,21,41.25
17,1,22,60.0833333333
17,1,23,40.8666666667
17,1,24,43.3
17,1,25,32.1
17,1,26,35.5666666667
17,1,27,45.3
17,1,28,51.1333333333
17,1,29,48.1166666667
17,1,30,47.2
17,1,31,53.0833333333
17,1,32,33.8833333333
17,1,33,43.3833333333
17,1,34,33.0333333333
17,1,35,49.8833333333
17,1,36,45.8333333333
17,2,1,33.6833333333
17,2,2,39.3833333333
17,2,3,55.4833333333
17,2,4,35.35
17,2,5,38.65
17,2,6,46.2666666667
17,2,7,39.3666666667
17,2,8,44.55
17,2,9,36.8
17,2,10,54.8666666667
17,2,11,41.6166666667
17,2,12,35.2166666667
17,2,13,45.8333333333
17,2,14,56.9666666667
17,2,15,7.2
17,2,16,45.6
17,2,17,34.5833333333
17,2,18,50.0166666667
17,2,19,46.3666666667
17,2,20,44.4666666667
17,2,21,46.4
17,2,22,39.25
17,2,23,31.6166666667
17,2,24,35.4166666667
17,2,25,49.4
17,2,26,50.2833333333
17,2,27,29.7333333333
17,2,28,51.2833333333
17,2,29,53.6166666667
17,3,1,8.6
17,3,2,47.4333333333
17,3,3,55.1
17,3,4,42.5833333333
17,3,5,39.3166666667
17,3,6,39.05
17,3,7,41.5666666667
17,3,8,46.6166666667
17,3,9,38.25
17,3,10,31.0166666667
17,3,11,43.45
17,3,12,24.1666666667
17,3,13,20.6666666667
17,3,14,20.6666666667
17,3,15,46.8833333333
17,3,16,32.85
17,3,17,52.4
17,3,18,26.2
17,3,19,45.6333333333
17,3,20,43.5833333333
17,3,21,29.9
17,3,22,50.4333333333
17,3,23,47.2833333333
17,3,24,51.65
17,3,25,40.7333333333
17,3,26,31.2666666667
17,3,27,43.6166666667
17,3,28,40.6833333333
17,3,29,45.85
17,3,30,48.8
17,3,31,48.8
17,3,32,42.3166666667
17,3,33,43.75
17,3,34,35.0333333333
17,3,35,39.25
17,3,36,40.9166666667
17,3,37,40.9166666667
17,4,1,82.0166666667
17,4,2,86.1166666667
17,4,3,84.7666666667
17,4,4,75.9333333333
17,4,5,60.8166666667
17,4,6,57.3
17,4,7,85.9
17,4,8,80.4166666667
17,4,9,91.0833333333
17,4,10,80.2
17,4,11,87.35
17,4,12,91.7666666667
17,4,13,88.2666666667
17,4,14,84.8833333333
17,4,15,93.2833333333
17,4,16,87.4
17,4,17,97.9166666667
17,4,18,107.666666667
17,5,1,36.7833333333
17,5,2,36.4666666667
17,5,3,27.4833333333
17,5,4,50.9166666667
17,5,5,47.3666666667
17,5,6,29.4166666667
17,5,7,41.2166666667
17,5,8,41.0166666667
17,5,9,38.2
17,5,10,50.5
17,5,11,51.4166666667
17,5,12,43.15
17,5,13,59.9666666667
17,5,14,36.0333333333
17,5,15,43.5166666667
17,5,16,46.05
17,5,17,49.0166666667
17,5,18,41.85
17,5,19,30.6333333333
17,5,20,37.5833333333
17,5,21,43.5166666667
17,5,22,7.33333333333
17,5,23,40.2833333333
17,5,24,49.5333333333
17,5,25,44.5833333333
17,5,26,47.3166666667
17,5,27,35.0
17,5,28,45.6166666667
17,5,29,37.6833333333
17,5,30,32.2833333333
17,5,31,46.4666666667
17,5,32,51.2
17,5,33,49.3666666667
17,5,34,32.2666666667
17,5,35,33.0
17,5,36,50.6333333333
18,1,1,1146.83333333
18,1,2,1231.1
18,1,3,1651.23333333
18,1,4,1769.71666667
18,1,5,1335.9
18,1,6,1129.35
18,1,7,1623.76666667
18,1,8,1702.26666667
18,1,9,1650.53333333
18,1,10,1434.3
19,1,1,39.5833333333
19,1,2,34.5833333333
19,1,3,32.85
19,1,4,43.65
19,1,5,33.4833333333
19,1,6,29.8666666667
19,1,7,48.05
19,1,8,49.0833333333
19,1,9,39.4666666667
19,1,10,63.6166666667
20,1,1,177.8
20,1,2,128.216666667
20,1,3,136.133333333
20,1,4,116.95
20,1,5,176.9
20,1,6,132.016666667
20,1,7,119.266666667
20,1,8,122.1
20,1,9,123.066666667
21,1,1,70.6833333333
21,1,2,64.7333333333
21,1,3,74.3666666667
21,1,4,71.1666666667
21,1,5,80.2666666667
21,1,6,73.3333333333
21,1,7,73.9666666667
21,1,8,68.1666666667
21,1,9,65.3833333333
21,1,10,76.65
21,1,11,84.3666666667
21,1,12,70.0166666667
21,1,13,67.4166666667
22,1,1,91.45
22,1,2,91.8333333333
22,1,3,97.9666666667
22,1,4,109.666666667
22,1,5,77.35
22,1,6,77.7333333333
22,1,7,87.4166666667
22,1,8,63.5833333333
22,2,1,81.75
22,2,2,107.35
22,2,3,90.55
22,2,4,84.0333333333
22,2,5,98.75
22,2,6,73.6166666667
22,2,7,86.6333333333
22,2,8,90.0
23,1,1,32.3833333333
23,1,2,37.25
23,1,3,40.55
23,1,4,36.0666666667
23,1,5,44.2166666667
23,1,6,39.8666666667
23,1,7,43.0
23,1,8,39.8833333333
23,1,9,35.5
23,1,10,39.2166666667
23,1,11,36.2166666667
23,1,12,27.8166666667
23,1,13,38.25
23,1,14,29.9666666667
23,1,15,39.1666666667
23,1,16,31.9333333333
23,1,17,34.6
23,1,18,37.55
23,1,19,27.5166666667
23,1,20,31.15
23,1,21,42.6666666667
23,1,22,26.1666666667
23,1,23,29.5666666667
23,1,24,38.5333333333
23,1,25,35.6333333333
23,1,26,29.2666666667
23,1,27,29.0166666667
23,1,28,31.3666666667
23,1,29,40.7666666667
23,1,30,36.7166666667
23,1,31,37.55
23,1,32,33.8166666667
24,1,1,99.5666666667
24,1,2,81.4333333333
24,1,3,74.1333333333
24,1,4,65.9
24,1,5,75.65
24,1,6,47.3666666667
24,1,7,63.35
24,1,8,71.8666666667
24,1,9,77.1833333333
24,1,10,424.283333333
24,2,1,68.3833333333
24,2,2,63.6666666667
24,2,3,67.5666666667
24,2,4,67.7
24,2,5,70.7333333333
24,2,6,68.1333333333
24,2,7,70.8166666667
24,2,8,70.35
24,2,9,55.5
24,2,10,66.5333333333
24,3,1,68.9333333333
24,3,2,74.1333333333
24,3,3,53.4
24,3,4,76.3833333333
24,3,5,80.85
24,3,6,44.9333333333
24,3,7,53.7
24,3,8,39.55
24,3,9,58.8333333333
24,3,10,42.4
26,1,1,24.9833333333
26,1,2,25.0666666667
26,1,3,21.5833333333
26,1,4,12.4666666667
26,1,5,21.6833333333
26,1,6,13.8
26,1,7,21.5166666667
26,1,8,16.2333333333
26,1,9,23.7666666667
26,1,10,32.05
26,1,11,21.2
26,1,12,23.1666666667
26,1,13,18.4
26,1,14,24.2666666667
26,1,15,22.1166666667
26,1,16,21.9166666667
26,1,17,21.2833333333
26,1,18,19.55
26,1,19,20.8666666667
26,1,20,21.1666666667
26,1,21,24.0166666667
26,1,22,25.4333333333
26,1,23,20.8666666667
26,1,24,24.4666666667
26,1,25,22.7333333333
26,1,26,21.7166666667
26,1,27,22.9666666667
26,1,28,23.65
26,2,1,24.1
26,2,2,23.4666666667
26,2,3,23.5
26,2,4,27.0333333333
26,2,5,18.5666666667
26,2,6,23.4666666667
26,2,7,20.0166666667
26,2,8,21.7833333333
26,2,9,25.1166666667
26,2,10,21.1
26,2,11,19.0833333333
26,2,12,28.3333333333
26,2,13,24.05
26,2,14,22.1833333333
26,2,15,24.4
26,2,16,19.0833333333
26,2,17,16.7833333333
26,2,18,24.7166666667
26,2,19,24.7666666667
26,2,20,28.9833333333
26,2,21,24.4
26,2,22,22.4
26,2,23,29.2
26,2,24,16.75
26,2,25,22.5833333333
26,2,26,26.4166666667
26,2,27,23.1333333333
26,2,28,21.1666666667
26,3,1,24.3666666667
26,3,2,24.3166666667
26,3,3,20.9833333333
26,3,4,19.65
26,3,5,21.7333333333
26,3,6,21.0333333333
26,3,7,21.25
26,3,8,26.1166666667
26,3,9,27.7
26,3,10,18.7666666667
26,3,11,26.3833333333
26,3,12,25.8333333333
26,3,13,17.25
26,3,14,25.8833333333
26,3,15,21.8166666667
26,3,16,26.0
26,3,17,23.3833333333
26,3,18,26.65
26,3,19,16.65
26,3,20,22.8333333333
26,3,21,22.4833333333
26,3,22,22.3666666667
26,3,23,27.7333333333
26,3,24,18.0666666667
26,3,25,25.4
26,3,26,20.75
26,3,27,25.4166666667
26,3,28,23.4166666667
26,3,29,20.6
26,4,1,22.0833333333
26,4,2,22.5333333333
26,4,3,26.75
26,4,4,26.5333333333
26,4,5,22.65
28,1,1,62.8833333333
28,1,2,74.4166666667
28,1,3,52.9833333333
28,1,4,52.75
28,1,5,52.2833333333
28,1,6,41.1833333333
28,1,7,51.6
28,1,8,54.2666666667
28,1,9,122.166666667
28,1,10,117.483333333
29,1,1,25.5
29,1,2,30.4833333333
29,1,3,29.35
29,1,4,35.8
29,1,5,25.3
29,1,6,22.05
29,1,7,32.05
29,1,8,30.9833333333
29,1,9,39.0166666667
29,1,10,25.1333333333
29,1,11,24.35
29,1,12,32.15
29,1,13,22.95
29,1,14,39.2666666667
29,1,15,37.7333333333
29,1,16,29.0
29,1,17,24.8666666667
29,1,18,34.8166666667
29,1,19,34.6333333333
29,1,20,17.4
29,1,21,34.8166666667
29,1,22,33.5333333333
29,1,23,43.65
29,1,24,20.85
29,1,25,30.6833333333
29,1,26,16.8333333333
30,1,1,66.7833333333
30,1,2,80.1666666667
30,1,3,91.8666666667
30,1,4,109.916666667
30,1,5,62.4
30,1,6,52.6666666667
30,1,7,95.4666666667
30,1,8,92.0833333333
30,1,9,84.4166666667
30,1,10,89.75
30,1,11,109.533333333
30,1,12,101.866666667
31,1,1,64.0166666667
31,1,2,64.35
31,1,3,78.1
31,2,1,64.85
31,2,2,53.3166666667
31,2,3,100.066666667
31,3,1,87.7666666667
31,3,2,89.6
31,3,3,46.7666666667
31,3,4,64.85
31,3,5,59.15
31,3,6,115.066666667
31,4,1,108.283333333
31,4,2,54.4666666667
31,4,3,70.45
31,4,4,57.2
31,4,5,14.7666666667
31,4,6,110.966666667
32,1,1,178.5
32,1,2,185.1
32,1,3,273.35
32,1,4,209.083333333
32,1,5,197.416666667
32,1,6,236.833333333
32,1,7,215.4
32,1,8,206.716666667
32,1,9,208.433333333
32,1,10,226.55
32,1,11,162.566666667
32,1,12,157.233333333
33,1,1,86.2666666667
33,1,2,86.4833333333
33,1,3,97.2
33,1,4,93.4
33,1,5,84.0666666667
33,1,6,91.1
34,1,1,527.683333333
34,1,2,477.716666667
34,1,3,405.183333333
34,1,4,423.616666667
34,1,5,433.95
34,1,6,559.616666667
34,1,7,664.5
34,1,8,285.466666667
35,1,1,54.9
35,1,2,53.9333333333
35,1,3,56.0666666667
35,1,4,54.8
35,1,5,65.4166666667
35,1,6,99.2
37,1,1,55.1166666667
37,1,2,64.9833333333
37,1,3,60.3166666667
37,1,4,50.7833333333
37,1,5,49.8833333333
37,1,6,52.7833333333
37,1,7,57.2
37,1,8,61.5
37,1,9,46.9166666667
37,1,10,68.0833333333
37,1,11,44.8
37,1,12,81.5333333333
37,1,13,57.7
37,2,1,62.7
37,2,2,42.4
37,2,3,58.25
37,2,4,51.5166666667
37,2,5,51.7166666667
37,2,6,66.3333333333
37,2,7,54.2833333333
37,2,8,63.25
37,2,9,51.9666666667
37,2,10,48.1
37,2,11,66.7166666667
37,2,12,51.3333333333
37,2,13,59.4333333333
37,3,1,66.5833333333
37,3,2,63.15
37,3,3,55.6333333333
37,3,4,58.25
37,3,5,65.7833333333
37,3,6,53.75
37,3,7,50.75
37,3,8,55.0833333333
37,3,9,61.9833333333
37,3,10,54.5333333333
37,3,11,65.8166666667
37,3,12,45.25
37,3,13,50.15
37,4,1,58.35
37,4,2,63.65
37,4,3,57.8666666667
37,4,4,65.8666666667
37,4,5,64.1
37,4,6,56.85
38,1,1,42.1333333333
38,1,2,43.2666666667
38,1,3,46.25
38,1,4,42.1666666667
38,1,5,40.7
38,1,6,36.2
38,1,7,35.55
38,1,8,43.9
38,1,9,46.9333333333
38,1,10,47.2333333333
38,1,11,40.5333333333
38,1,12,43.3666666667
38,1,13,38.7333333333
38,1,14,43.2333333333
38,1,15,43.3833333333
38,1,16,43.95
38,1,17,42.1333333333
38,1,18,47.25
38,1,19,46.2
38,1,20,39.7666666667
38,1,21,42.5166666667
38,1,22,48.1666666667
38,1,23,42.9
38,1,24,45.2
38,2,1,40.0833333333
38,2,2,35.4666666667
38,2,3,41.3833333333
38,2,4,43.5166666667
38,2,5,46.3
38,2,6,41.05
38,2,7,41.0666666667
38,2,8,43.3166666667
38,2,9,41.0166666667
38,2,10,48.6
38,2,11,41.25
38,2,12,42.4333333333
38,2,13,37.6166666667
38,2,14,41.85
38,2,15,36.75
38,2,16,40.1833333333
38,2,17,41.9666666667
38,2,18,43.0333333333
38,2,19,43.7333333333
38,2,20,49.0
38,2,21,44.4666666667
38,2,22,46.3166666667
38,2,23,44.85
38,2,24,42.0666666667
38,3,1,41.2166666667
38,3,2,46.1333333333
38,3,3,45.4833333333
38,3,4,49.0
38,3,5,43.7166666667
38,3,6,37.45
38,3,7,45.7666666667
38,3,8,43.0666666667
38,3,9,43.3
38,3,10,46.5666666667
38,3,11,50.2333333333
38,3,12,45.6666666667
38,3,13,42.75
38,3,14,45.7666666667
38,3,15,45.5333333333
38,3,16,43.0333333333
38,3,17,43.8
38,3,18,44.8166666667
38,3,19,44.0333333333
38,3,20,45.05
38,3,21,47.75
38,3,22,43.1833333333
38,3,23,48.05
38,3,24,44.1166666667
38,3,25,43.8166666667
38,4,1,41.7166666667
38,4,2,41.45
38,4,3,43.55
38,4,4,36.2666666667
38,4,5,34.35
38,4,6,38.95
38,4,7,33.8333333333
38,4,8,45.8333333333
38,4,9,48.65
38,4,10,38.75
38,4,11,38.4
38,4,12,41.65
38,4,13,46.9833333333
38,4,14,50.6833333333
38,4,15,46.1833333333
38,4,16,41.8
38,4,17,45.8166666667
38,4,18,46.3
38,4,19,39.7166666667
38,4,20,36.9833333333
38,4,21,41.2166666667
38,4,22,46.8333333333
38,4,23,47.5833333333
38,4,24,37.0166666667
38,5,1,41.3
38,5,2,37.9666666667
38,5,3,36.1333333333
38,5,4,42.8166666667
38,5,5,41.65
38,5,6,44.2833333333
38,5,7,38.0666666667
38,5,8,44.0166666667
38,5,9,38.0
38,5,10,46.65
38,5,11,40.1166666667
38,5,12,43.85
38,5,13,38.9
38,5,14,42.9166666667
38,5,15,47.0333333333
38,5,16,43.0333333333
38,5,17,42.4166666667
38,5,18,48.3333333333
38,5,19,45.8666666667
38,5,20,39.0333333333
38,5,21,51.5
38,5,22,50.4333333333
38,5,23,37.0833333333
38,5,24,33.35
38,6,1,38.3333333333
38,6,2,45.5833333333
38,6,3,51.0
38,6,4,43.3666666667
38,6,5,49.0166666667
38,6,6,47.85
38,6,7,47.3666666667
38,6,8,43.4333333333
38,6,9,47.7833333333
38,6,10,39.45
38,6,11,43.4333333333
38,6,12,45.9166666667
38,6,13,44.8333333333
38,6,14,48.4
38,6,15,43.4333333333
38,6,16,39.2166666667
38,6,17,40.05
38,6,18,49.5333333333
38,6,19,48.2
38,6,20,45.0
38,6,21,50.0
38,6,22,44.7666666667
38,6,23,47.1
38,6,24,41.4333333333
38,6,25,38.0
38,7,1,40.65
38,7,2,42.45
38,7,3,45.4833333333
38,7,4,41.65
38,7,5,45.7
38,7,6,41.2666666667
38,7,7,38.8166666667
38,7,8,44.8333333333
38,7,9,43.8666666667
38,7,10,37.7666666667
38,7,11,48.4833333333
38,7,12,36.25
38,7,13,43.7
38,7,14,39.7666666667
38,7,15,44.3333333333
38,7,16,42.3666666667
38,7,17,41.5833333333
38,7,18,47.25
38,7,19,40.4
38,7,20,44.7666666667
38,7,21,33.4833333333
38,7,22,38.2
38,7,23,38.7166666667
38,7,24,35.8333333333
38,8,1,41.7166666667
38,8,2,42.5
38,8,3,41.35
38,8,4,43.0166666667
38,8,5,49.7
38,8,6,44.05
38,8,7,42.9333333333
38,8,8,48.5333333333
38,8,9,48.85
38,8,10,47.4
38,8,11,45.0166666667
38,8,12,45.4333333333
38,8,13,40.25
38,8,14,43.6833333333
38,8,15,42.7833333333
38,8,16,34.05
38,8,17,43.8833333333
38,8,18,46.9333333333
38,8,19,45.2833333333
38,8,20,55.5833333333
38,8,21,46.9333333333
38,8,22,40.45
38,8,23,41.5
38,8,24,39.9
38,9,1,45.8833333333
38,9,2,46.3666666667
38,9,3,48.1
38,9,4,47.4166666667
38,9,5,51.5833333333
38,9,6,61.3
38,9,7,48.75
38,9,8,52.4
38,9,9,45.9
38,9,10,46.9166666667
38,9,11,52.7833333333
38,9,12,49.2
38,9,13,62.4833333333
38,9,14,49.8
38,9,15,49.3333333333
38,9,16,51.6833333333
38,9,17,53.15
38,9,18,51.8
38,9,19,52.9833333333
38,9,20,51.2333333333
38,9,21,52.2666666667
38,9,22,53.65
38,9,23,100.7
38,0,1,55.35
38,0,2,47.1
38,0,3,42.9333333333
38,0,4,52.8166666667
38,0,5,56.25
38,0,6,51.8333333333
38,0,7,50.7666666667
38,0,8,52.4
38,0,9,49.6
38,0,10,48.35
38,0,11,54.2166666667
38,0,12,59.9
38,0,13,43.9666666667
38,0,14,49.4333333333
38,0,15,46.8333333333
38,0,16,48.0
38,0,17,86.4166666667
39,1,1,71.1166666667
39,1,2,71.15
39,1,3,51.6666666667
39,1,4,63.55
39,1,5,70.95
39,1,6,56.45
39,1,7,54.9666666667
39,1,8,55.45
39,2,1,63.65
39,2,2,64.1833333333
39,2,3,74.4
39,2,4,46.9666666667
39,2,5,64.0833333333
39,2,6,60.3666666667
39,2,7,48.3666666667
39,2,8,53.8166666667
39,2,9,66.7833333333
40,1,1,58.2833333333
40,1,2,57.8333333333
40,1,3,57.8
40,1,4,57.9
40,1,5,52.0166666667
40,1,6,61.75
40,1,7,64.7
40,1,8,57.1166666667
40,1,9,57.95
40,1,10,60.8333333333
40,1,11,63.3166666667
40,1,12,60.5833333333
40,1,13,61.3
40,1,14,61.3166666667
40,1,15,61.8666666667
40,1,16,64.8333333333
40,1,17,68.2
40,1,18,59.85
40,1,19,67.1
40,1,20,67.4
40,1,21,68.0333333333
40,1,22,70.0
40,2,1,60.9833333333
40,2,2,68.0166666667
40,2,3,65.4166666667
40,2,4,58.3333333333
40,2,5,67.6
40,2,6,63.3666666667
40,2,7,68.45
40,2,8,67.3333333333
40,2,9,68.0333333333
40,2,10,65.5666666667
40,2,11,71.5833333333
40,2,12,71.1
40,2,13,68.1
40,2,14,67.0666666667
40,2,15,66.3
40,2,16,68.0833333333
40,2,17,67.8166666667
40,2,18,65.2
40,3,1,65.9333333333
40,3,2,64.95
40,3,3,65.6166666667
40,3,4,67.75
40,3,5,64.3666666667
40,3,6,62.1
40,3,7,70.8
40,3,8,68.3166666667
40,3,9,72.4166666667
40,3,10,71.4333333333
40,3,11,71.5333333333
40,3,12,69.65
40,3,13,71.0333333333
40,4,1,95.3166666667
40,4,2,110.5
40,4,3,121.583333333
40,4,4,126.816666667
40,4,5,105.9
40,4,6,90.6
40,4,7,101.933333333
40,4,8,79.4
40,4,9,87.2
40,4,10,104.033333333
40,4,11,81.4166666667
40,4,12,98.4
40,4,13,107.183333333
40,4,14,131.233333333
40,4,15,109.133333333
40,5,1,79.9
40,5,2,88.0333333333
40,5,3,78.65
40,5,4,89.1
40,5,5,74.2833333333
40,5,6,97.3166666667
40,5,7,94.65
40,5,8,111.033333333
41,1,1,73.3333333333
41,1,2,63.5333333333
41,1,3,69.7833333333
41,1,4,73.5333333333
41,1,5,75.3333333333
41,1,6,76.1166666667
42,1,1,55.4166666667
42,1,2,50.5666666667
42,1,3,50.7166666667
42,1,4,55.9166666667
42,1,5,52.4166666667
42,3,1,46.4166666667
42,3,2,47.1833333333
42,3,3,53.9333333333
42,3,4,50.0
42,3,5,49.9
42,3,6,54.2166666667
42,3,7,48.0333333333
42,3,8,49.2333333333
42,3,9,50.7166666667
42,3,10,60.7333333333
42,3,11,49.2333333333
42,3,12,47.3166666667
42,3,13,63.4166666667
42,3,14,53.7333333333
42,3,15,55.9166666667
42,3,16,51.3833333333
42,3,17,106.15
42,3,18,56.8166666667
42,3,19,52.65
42,3,20,54.9333333333
42,3,21,51.5333333333
42,4,1,55.0833333333
42,4,2,53.5166666667
42,4,3,117.333333333
42,4,4,55.6833333333
42,4,5,56.6333333333
42,4,6,54.9833333333
42,4,7,54.45
42,4,8,56.0333333333
42,4,9,60.3166666667
42,4,10,51.3833333333
42,4,11,52.4666666667
42,4,12,54.4
42,4,13,57.8
42,4,14,57.0
42,4,15,52.8833333333
42,4,16,54.1
42,4,17,52.0666666667
42,4,18,48.4333333333
42,4,19,55.3
42,4,20,49.3666666667
42,4,21,47.6166666667
42,4,22,100.833333333
42,5,1,49.9
42,5,2,48.5166666667
42,5,3,49.4833333333
42,5,4,53.2666666667
42,5,5,55.7666666667
42,5,6,54.85
42,5,7,52.4
42,5,8,44.5666666667
42,5,9,52.3333333333
42,5,10,50.7166666667
42,5,11,44.45
42,5,12,52.4333333333
42,5,13,52.4666666667
42,5,14,56.15
42,5,15,44.75
42,5,16,51.5333333333
42,5,17,52.5166666667
42,5,18,105.833333333
42,5,19,54.0666666667
42,5,20,48.4666666667
42,5,21,52.8
42,6,1,50.0
42,6,2,53.2666666667
42,6,3,51.2833333333
42,6,4,50.3
42,6,5,49.2833333333
42,6,6,46.2
42,6,7,52.2166666667
42,6,8,56.0166666667
42,6,9,57.0166666667
42,6,10,49.2833333333
42,6,11,56.1333333333
42,6,12,54.95
42,6,13,55.7666666667
42,6,14,96.9333333333
42,6,15,50.3833333333
42,6,16,55.7
42,6,17,49.0
42,6,18,47.3166666667
42,6,19,48.4166666667
42,6,20,51.9333333333
42,6,21,54.8666666667
42,6,22,50.4166666667
42,6,23,47.8333333333
42,7,1,44.6166666667
42,7,2,54.7833333333
42,7,3,54.5333333333
42,7,4,57.1166666667
42,7,5,50.35
42,7,6,52.9666666667
42,7,7,51.6
42,7,8,48.0
42,7,9,54.0166666667
42,7,10,52.15
42,7,11,50.7666666667
42,7,12,57.6833333333
42,7,13,56.9
42,7,14,92.7166666667
42,7,15,57.6333333333
42,7,16,48.5166666667
42,7,17,47.9833333333
42,7,18,53.2666666667
42,7,19,53.7666666667
42,7,20,87.8
42,7,21,46.55
42,7,22,46.85
42,8,1,46.0166666667
42,8,2,45.5666666667
42,8,3,44.2
42,8,4,50.8833333333
42,8,5,48.75
42,8,6,46.35
42,8,7,49.7166666667
42,8,8,46.5833333333
42,8,9,47.3833333333
42,8,10,48.0833333333
42,8,11,48.0166666667
42,8,12,45.7333333333
42,8,13,51.7166666667
42,8,14,52.0333333333
42,8,15,46.3166666667
42,8,16,44.6833333333
42,8,17,49.9333333333
42,8,18,49.9
42,8,19,52.1166666667
42,8,20,49.7
42,8,21,53.5
42,8,22,48.0166666667
42,9,1,45.5333333333
42,9,2,48.8
42,9,3,50.3833333333
42,9,4,48.9166666667
42,9,5,50.8333333333
42,9,6,46.1166666667
42,9,7,54.6
42,9,8,48.1666666667
42,9,9,52.8166666667
42,9,10,52.5
42,9,11,55.9
42,9,12,49.3333333333
42,9,13,54.6333333333
42,9,14,47.6833333333
42,9,15,46.7833333333
42,9,16,47.7333333333
42,9,17,44.1833333333
42,9,18,46.5833333333
42,9,19,49.3
42,9,20,48.75
42,9,21,73.2333333333
42,9,22,123.75
43,1,1,74.3
43,1,2,74.0333333333
43,1,3,69.6333333333
43,1,4,72.35
43,1,5,71.6333333333
43,1,6,71.15
43,1,7,74.5333333333
43,2,1,69.2166666667
43,2,2,65.15
43,2,3,63.8166666667
43,2,4,67.1
43,2,5,62.6166666667
43,2,6,65.6166666667
43,2,7,63.95
43,2,8,50.9166666667
43,3,1,68.1833333333
43,3,2,67.8
43,3,3,63.3333333333
43,3,4,64.5
43,3,5,71.2166666667
43,3,6,66.6
43,3,7,78.6333333333
43,3,8,62.95
43,4,1,68.9833333333
43,4,2,65.0333333333
43,4,3,69.6
43,4,4,58.0833333333
43,4,5,66.5333333333
43,4,6,81.4333333333
43,4,7,70.0666666667
43,5,1,67.95
43,5,2,61.9
43,5,3,64.8
43,5,4,71.0
43,5,5,79.6833333333
43,5,6,78.3166666667
43,5,7,140.6
43,6,1,104.583333333
43,6,2,120.183333333
43,6,3,124.416666667
43,6,4,121.583333333
43,6,5,136.366666667
43,6,6,106.816666667
43,6,7,176.733333333
43,6,8,157.766666667
43,7,1,119.366666667
43,7,2,102.416666667
43,7,3,108.483333333
43,7,4,121.783333333
43,7,5,114.95
43,7,6,107.066666667
43,7,7,148.616666667
43,7,8,112.2
43,7,9,113.866666667
43,7,10,165.05
43,8,1,118.066666667
43,8,2,129.083333333
43,8,3,107.65
43,9,1,133.9
43,9,2,122.483333333
43,9,3,128.616666667
44,1,1,20.9333333333
44,1,2,27.0333333333
44,1,3,23.7666666667
44,1,4,31.0
44,1,5,29.2
44,1,6,22.1666666667
44,1,7,25.5666666667
44,1,8,23.0
44,1,9,29.0666666667
44,1,10,21.9333333333
45,1,1,120.25
45,1,2,70.1666666667
45,1,3,49.5
45,1,4,70.85
45,1,5,84.0833333333
45,1,6,69.5833333333
45,1,7,59.1833333333
45,1,8,57.75
45,2,1,111.866666667
45,2,2,50.2333333333
45,2,3,72.35
45,2,4,58.85
45,2,5,53.4666666667
45,2,6,67.2166666667
45,2,7,41.5833333333
45,2,8,61.9333333333
45,2,9,60.05
45,2,10,69.1833333333
45,2,11,66.8333333333
45,2,12,65.9666666667
45,2,13,59.8166666667
45,2,14,53.2666666667
45,2,15,67.9166666667
45,2,16,66.3666666667
45,2,17,61.0166666667
45,2,18,62.8666666667
45,2,19,70.6166666667
45,2,20,63.2333333333
45,2,21,64.0666666667
45,2,22,25.15
46,1,1,96.5
46,1,2,98.9333333333
46,1,3,111.6
46,1,4,93.9
46,1,5,97.8333333333
46,1,6,106.266666667
46,1,7,97.8333333333
46,1,8,83.6833333333
46,1,9,131.416666667
46,1,10,85.5666666667
46,1,11,79.2333333333
46,1,12,105.85
46,1,13,91.55
46,2,1,111.016666667
46,2,2,119.25
46,2,3,104.116666667
46,2,4,112.8
46,2,5,123.816666667
46,2,6,133.683333333
46,2,7,102.6
46,2,8,115.333333333
46,2,9,103.466666667
46,2,10,133.283333333
46,2,11,122.966666667
46,2,12,115.416666667
46,2,13,113.866666667
46,3,1,92.85
46,3,2,108.1
46,3,3,94.8833333333
46,3,4,95.8666666667
46,3,5,109.15
46,3,6,99.8166666667
46,3,7,76.0666666667
46,3,8,95.75
46,3,9,87.5
46,3,10,100.7
46,3,11,113.416666667
46,3,12,93.4166666667
46,3,13,60.2666666667
46,4,1,82.1833333333
46,4,2,78.2333333333
46,4,3,96.2833333333
46,4,4,86.0833333333
46,4,5,76.65
46,4,6,73.4833333333
46,4,7,110.1
46,4,8,88.8333333333
46,4,9,111.866666667
46,4,10,88.05
46,4,11,88.4333333333
46,4,12,103.65
46,4,13,99.6166666667
46,5,1,87.1666666667
46,5,2,91.8833333333
46,5,3,91.6333333333
46,5,4,79.4333333333
46,5,5,91.95
46,5,6,95.6333333333
46,5,7,78.9666666667
46,5,8,78.9833333333
46,5,9,86.1666666667
46,5,10,96.05
46,5,11,78.0666666667
46,5,12,100.2
46,5,13,90.0666666667
46,6,1,81.6833333333
46,6,2,98.55
46,6,3,87.3666666667
46,6,4,88.0833333333
46,6,5,94.6
46,6,6,92.35
46,6,7,93.0333333333
46,6,8,86.2166666667
47,1,1,40.5
47,1,2,44.0333333333
47,1,3,43.5333333333
47,1,4,49.0833333333
47,1,5,40.2
47,1,6,44.3333333333
47,1,7,42.7666666667
47,1,8,45.8833333333
47,1,9,46.2166666667
47,1,10,47.8
47,1,11,43.6833333333
47,1,12,43.0833333333
47,1,13,48.5166666667
47,1,14,50.1166666667
47,1,15,44.5
47,1,16,49.65
47,1,17,51.3666666667
47,1,18,45.7666666667
47,1,19,50.8166666667
47,1,20,48.4166666667
47,2,1,48.9833333333
47,2,2,43.9666666667
47,2,3,42.9
47,2,4,48.6666666667
47,2,5,50.8666666667
47,2,6,47.2166666667
47,2,7,52.9
47,2,8,50.9333333333
47,2,9,54.3
47,2,10,49.1833333333
47,2,11,78.7833333333
47,2,12,50.5666666667
47,2,13,59.4333333333
47,2,14,55.7166666667
47,2,15,51.6833333333
47,2,16,51.7
47,2,17,48.2833333333
47,2,18,48.6
47,2,19,86.2333333333
48,1,1,84.65
48,1,2,72.8166666667
48,1,3,77.4333333333
48,1,4,81.4166666667
48,1,5,76.2
48,1,6,68.4833333333
48,1,7,83.3166666667
48,1,8,73.1166666667
48,1,9,90.75
48,1,10,73.3333333333
48,2,1,59.0666666667
48,2,2,59.35
48,2,3,50.25
48,2,4,59.4166666667
48,2,5,33.0
48,2,6,39.15
48,2,7,64.6
48,2,8,18.9333333333
48,2,9,62.4666666667
48,2,10,79.0666666667
49,1,1,99.5333333333
49,1,2,65.1666666667
49,1,3,82.45
49,1,4,87.65
49,1,5,84.3
49,1,6,71.2166666667
49,1,7,77.0333333333
49,1,8,81.0833333333
49,1,9,76.4166666667
49,1,10,60.3333333333
49,2,1,41.6166666667
49,2,2,45.2
49,2,3,35.15
49,2,4,26.1666666667
49,2,5,29.1333333333
49,2,6,31.9333333333
49,2,7,22.25
49,2,8,21.4333333333
49,2,9,22.2666666667
49,2,10,9.05
49,3,1,78.45
49,3,2,70.9166666667
49,3,3,110.35
49,3,4,65.0
49,3,5,86.0
49,3,6,89.3166666667
49,3,7,78.9166666667
49,3,8,64.2166666667
49,3,9,66.6166666667
49,3,10,70.3666666667
50,1,1,77.9666666667
50,1,2,75.7833333333
50,1,3,77.55
50,1,4,86.25
50,1,5,82.1333333333
50,1,6,76.1
50,1,7,91.4666666667
50,1,8,75.7333333333
50,1,9,86.7833333333
50,1,10,82.2
50,1,11,89.55
50,1,12,84.5
50,1,13,88.05
50,1,14,83.4166666667
50,1,15,88.5333333333
50,1,16,77.5666666667
50,1,17,81.2833333333
50,1,18,86.3333333333
